0002000083
0002154463
0002157292
0002173808
0002550326
0002551152
0002551519
0002552507
0002553708
0007127952
0007160003
002001015X
0020100809
0020296304
0020360800
0020418604
0020425740
0020441827
0020518609
0020838506
0020868804
0021001286
0021090041
0021473315
0021475954
0021488231
0021488266
0021491348
0021491364
0021491372
0021491380
0021492646
0021492689
0021503176
0021810052
0021810133
0021847525
0021856222
0021858845
0021936048
0021936366
0021936374
0021988110
0022443010
0022774343
0022774351
002277436X
0022774378
0022800387
0022801545
0022841369
0022841377
0022841385
0022950540
0023162805
0023182857
0023219513
0023247010
0023408146
0023426055
0023437359
002346450X
0023619384
0023812613
0023895349
0024097616
0024101915
0024142417
0024181900
0024182001
0024198358
002426640X
0024277800
002528150X
0025471600
0025540602
0025757059
0025790412
0025838504
0026309106
0026320703
002635358X
0026353784
002635389X
0026354012
0026354233
0026358859
0026365871
0026402955
002641001X
0026418347
0026427087
0026431831
0026441918
0026460009
002646120X
0026469456
0026476053
002652600X
0026532050
0026533820
0026563436
002659904X
002662334X
0026623560
0026624087
0026748185
0026766515
0026837757
0026839261
0026839326
0026848872
0026863561
0027000303
0027888304
002800762X
0028028333
0028040465
0028042948
0028050223
0028140966
0028142195
002815004X
0028172442
0028175514
0028217373
0028232186
0028233220
0028241789
0028242270
0028243145
0028243617
0028244389
0028251784
0028252187
0028252756
0028254732
0028256859
0028262972
0028263472
0028267214
0028274350
0028275675
0028276078
0028277775
0028278526
0028282094
0028283783
0028286294
0028348176
0028603338
0028603672
0028603958
0028609972
0028613198
0028617185
0028621980
0028622618
0028624513
0028625676
0028626036
0028634691
0028636392
0028636406
0028645979
0028708210
0028729005
0029043301
0029059801
0029079403
002907990X
0029109752
0029201357
0029215978
0029227917
0029273722
0029320402
0029351804
003005222X
0030054079
0030054338
0030085225
0030089530
0030091284
0030114861
0030119197
0030146364
0030154316
0030154332
0030154340
0030154499
0030177448
0030185440
0030194113
0030206936
0030213347
0030213762
0030223695
0030237629
003023798X
0030247837
0030253977
0030255368
0030259517
0030262070
0030265665
0030326729
0030327164
0030329337
003033604X
0030341868
0030344344
0030349036
0030350840
0030351227
0030352991
0030358272
0030358280
0030358299
0030363780
0030367867
0030368766
0030368782
0030368812
0030368820
0030369436
0030369444
003036972X
0030372542
0030374960
0030374979
0030377781
003038821X
0030390737
0030391075
0030391148
0030398886
003040374X
0030424097
0030424143
0030424178
0030424186
0030424194
0030432189
0030451728
003045204X
0030453224
0030453720
0030499577
0030500494
0030500729
0030501121
0030501326
0030508649
0030508673
003050967X
0030511224
0030519497
0030519578
0030519993
0030520193
0030520584
0030520622
0030520630
0030520649
0030520673
0030520746
0030520770
0030524571
0030526620
0030526639
003052668X
0030526787
0030533597
0030535247
0030540097
003054288X
0030543495
0030543517
0030543924
0030552133
0030554624
0030554926
0030555426
0030556171
0030556392
0030563518
0030563526 
0030563526
003056493X
0030564948
0030564980
0030565332
0030565375
0030565413
0030565898
003056591X
0030565936
0030618320
0030624665
003064044X
003064366X
0030644216
0030646790
0030646820
0030646847
0030646863
003064772X
0030647770
003064982X
0030650135
003065033X
0030651786
0030651794
0030652421
0030654866
0030656176
0030660548
0030661439
0030661463
0030661471
0030661749
0030664624
0030664764
0030667429
0030672139
0030672147
0030672791
0030672821
0030678404
0030683734
0030683742
0030683777
0030683920
0030686644
0030686660
0030686679
0030686695
003069549X
0030696097
0030700396
0030700442
0030700523
0030709776
0030724570
0030735467
0030735483
0030736943
003073696X
0030740614
0030741947
0030741963
0030743176
0030744660
0030744962
0030754313
0030765471
0030781361
0030786665
0030791111
0030839939
0030850746
0030923166
003092345X
0030930286
0030934680
003093561X
0030941938
0030941946
0030941954
0030941962
0030941989
0030954983
0030957656
0030957702
0030962196
0030968348
0030971780
0030971896
0030973546
003098338X
003098632X
0030990009
0030990025
0030990033
0030993393
0030994284
0030995752
0060001798
0060004622
0060005777
0060008725
006008197X
0060088745
0060089466
0060090820
0060094931
0060105402
0060113626
0060117974
0060122846
0060145765
0060146931
0060148012
006015005X
0060154810
0060154969
0060155477
0060155612
0060156783
0060157836
0060160101
0060160500
0060161191
0060162023
0060163119
0060163704
0060164786
006016493X
0060166053
0060166169
0060166525
0060168366
006016848X
0060169222
0060169699
0060170921
0060171952
0060173149
0060173343
0060173688
0060175400
0060176911
0060177209
0060179775
0060183136
0060186399
0060187182
0060187239
0060188707
0060193298
0060193395
0060193611
0060194995
0060195592
0060196769
0060197897
0060199490
0060205342
0060210745
0060234415
0060234814
0060242698
0060244054
0060245867
0060246839
0060248025
0060254920
0060255005
0060256656
0060256672
0060256753
0060261099
006026425X
0060264306
0060266082
0060266864
0060268654
0060278145
0060293152
0060391901
0060392177
0060392185
0060392320
0060392460
0060392622
0060392991
0060408693
0060443464
0060466561
0060466820
0060505591
006050577X
0060512636
0060512822
0060515597
0060518499
0060520108
0060520760
0060521554
0060523875
0060525894
0060537639
0060540257
0060548258
0060548932
0060548940
0060553588
0060556501
0060560347
0060563443
0060565284
0060566108
0060566922
0060569468
0060572841
0060575786
0060578505
0060580461
0060588284
0060593911
0060594896
0060608145
0060608811
0060609389
006061479X
0060621591
0060628227
0060628626
0060628642
006063040X
006063099X
0060633158
006063491X
0060635231
0060642831
006064334X
0060645881
0060646918
0060649283
0060652926
0060652934
0060652950
0060655275
0060663421
0060670282
0060670541
0060674407
0060675012
0060684127
0060688246
0060690119
0060692723
0060696958
0060698640
0060698675
0060723521
0060727535
0060731427
0060733977
0060734922
006073731X
0060740450
0060741252
0060742755
0060744871
0060746378
0060753676
0060753943
0060754281
0060757353
0060763280
0060765372
0060775823
0060776390
0060777508
0060778911
0060783699
0060783710
0060786833
0060788704
0060790598
0060791551
0060799048
0060803525
0060809779
0060833025
0060837055
0060838655
0060838671
0060838728
0060842598
0060845287
0060845503
0060852550
0060852569
0060853336
0060854936
0060855940
0060873515
006088102X
0060883286
0060888628
006089072X
0060892005
0060899190
0060899220
0060899689
0060912510
006091307X
0060914289
0060914653
0060914890
0060915226
0060915455
006091565X
0060916354
0060916508
0060916729
0060919760
0060923288
0060925175
0060926279
0060926430
0060926570
0060926910
0060927259
0060927429
0060928190
0060928832
0060929081
0060929871
0060930535
0060931132
0060931418
0060931558
0060931957
0060932295
0060935464
0060935502
0060937645
0060938455
0060956437
0060958332
0060961252
0060963484
0060965177
0060968966
0060969938
0060972459
0060972777
0060972920
0060973323
0060973617
0060973897
0060975768
0060976519
0060976977
0060986085
0060989157
0060995068
0060997036
0061008338
0061011320
0061015733
0061030864
0061043516
0061054240
0061067377
0061090395
0061092363
0061093459
0061093947
0061096164
0061098620
0061122416
0061124265
006112978X
0061131563
0061138169
0061141828
0061147710
0061153915
0061176176
0061208507
0061227366
0061227374
0061235903
0061240060
0061251348
0061300039
0061315451
0061319694
0061319791
0061338176
0061340650
0061351423
0061379409
0061431028
0061435597
0061438596
0061537934
0061537969
0061547832
0061551821
0061558222
0061562394
0061562408
0061577073
0061626422
0061627011
0061655503
0061686077
0061687170
0061687456
0061691615
006170315X
0061713600
0061718874
0061728977
0061730327
0061733199
0061735191
0061735345
0061740314
0061766259
0061767891
0061767913
0061769312
0061779741
0061784818
0061808385
006185588X
0061855898
0061869783
0061874337
0061894559
0061894567
0061898015
0061906107
0061914185
0061920622
0061941034
0061961299
0061962783
0061963739
0061969575
0061969702
0061969834
0061974552
0061987476
0061988340
0061989142
0061992259
0061996637
0061997110
0061997226
0061998575
0062011286
0062017667
0062065246
0062068423
0062069276
0062073990
0062080636
0062080644
0062082353
0062088149
0062094610
006209565X
0062101897
0062106392
0062120999
0062135120
0062183613
0062211765
0062217208
0062236679
0062238396
0062242717
0062255657
0062255665
0062267558
006227645X
0062278789
0062292986
0062293036
0062294377
0062311077
006232005X
0062377183
0062387553
0062409859
0062500260
0062500309
0062500805
0062502158
0062502174
0062502182
0062502239
0062503006
0062503960
0062505890
0062508342
0062511904
0062513222
0062514857
0062516299
0062516329
0062553895
0062554468
0062701525
0062716115
006271614X
0062730983
0064300773
006430194X
0064302075
0064401537
0064409066
006443138X
0064431789
0064433668
0064450503
0064451909
0064550168
0064603075
0065007506
0065013247
0066209676
0066209773
0066210720
0066210801
0066210844
0066211735
0066238501
0070038899
0070041237
007004466X
0070066345
0070080194
007009618X
0070108137
0070113963
0070118809
0070121974
0070121990
0070132356
007013328X
007013636X
0070152187
0070170371
0070193185
0070219915
0070223335
0070229880
0070254699
0070272468
0070274061
0070294267
0070311277
0070314462
007031683X
0070322856
0070349223
0070350485
0070351228
0070362408
0070380104
0070380457
0070382034
0070383235
0070389969
0070390649
0070393605
0070415234
0070417156
007044093X
0070441669
0070460590
0070463085
0070464847
007046541X
0070475466
0070477108
0070477604
007049083X
0070503982
0070506116
0070506795
0070511136
0070522359
0070523908
0070524076
0070525609
0070538662
0070539413
0070576823
0070580286
0070584362
0070590184
0070590974
0070591741
0070602166
0070623309
0070651760
0070691967
0070694540
0070723362
0070728380
0071343350
0071344225
0071347216
0071349243
0071350594
0071350764
0071351450
0071351493
0071354077
0071357386
0071360344
0071361049
0071363645
007136997X
0071370145
0071370781
0071373586
0071373675
0071374353
0071377964
0071381392
0071383158
0071383832
0071385215
0071392319
0071401946
0071402381
0071402586
0071402608
0071406352
0071410171
0071412271
0071413391
0071417427
0071417575
0071418210
007141858X
007142010X
0071421920
007142251X
0071422803
0071424911
0071428062
0071428143
0071428488
0071429573
0071431802
0071432124
0071435336
0071437924
0071438289
0071439005
0071439277
0071440240
0071443282
0071444041
0071444785
0071445390
0071446370
0071446508
0071446524
0071446656
0071454284
0071455469
0071457526
0071459022
0071459278
0071464751
0071469036
0071470360
0071472894
007147739X
0071481362
0071486089
007148633X
0071488545
0071489975
0071492178
0071497188
0071499504
0071499873
0071502785
0071508619
0071544798
0071545891
0071546383
0071590730
0071592814
0071592865
0071597948
0071599444
0071600302
007160135X
0071603387
0071605266
0071605673
0071611436
0071613641
0071614834
0071623388
0071624422
0071626603
0071626654
0071626743
0071628649
0071630201
0071633707
0071633847
0071634142
0071638024
0071664874
0071703543
0071713883
0071741054
0071741410
0071744185
0071744223
0071748466
0071748563
0071751793
0071759980
0071761012
0071761217
0071761373
007176982X
0071770526
0071774319
0071776362
0071790357
007179123X
0071792910
0071802193
0071802436
0071802479
0071802886
0071803017
0071803920
0071814884
007183429X
0071835741
0071840281
0071840753
0072255382
0072256680
0072263113
0072294337
0072295473
0072300302
0072302224
0072317272
0072320419
0072320540
0072320702
0072325712
0072326174
007233973X
0072340363
0072343982
0072348984
0072351209
0072353570
0072354674
0072356774
0072368713
0072369442
0072370645
0072373385
0072375477
0072390700
0072397144
0072397268
0072397659
0072399112
0072399287
0072401893
0072402318
0072402644
0072402962
0072406348
0072413980
0072418222
0072418826
0072421509
0072421975
0072424346
0072426179
0072429658
007243046X
0072434228
0072436344
0072438134
0072438916
0072440449
0072440821
0072448113
0072451017
0072462795
0072463996
0072464631
0072469315
0072473827
0072478527
0072481625
0072481927
0072483903
0072485752
0072490519
0072492783
0072492937
0072492953
007249669X
0072497084
0072497114
0072497122
0072503114
0072504765
0072507470
0072509856
007251244X
0072512644
0072512784
0072512903
0072513802
0072519517
0072525363
0072528443
0072541156
0072549025
0072552794
0072558202
0072560398
0072560789
0072561319
0072562625
007256296X
0072819359
0072821361
007282204X
0072823275
0072825758
0072826738
0072829532
0072829575
007283031X
0072831804
0072831820
0072834943
0072835060
0072837039
0072852607
0072852615
0072852984
0072863137
0072863153
0072863641
0072866373
0072869534
0072871148
0072871326
0072872020
0072872055
0072874899
0072874929
0072875097
0072875577
0072878738
0072879130
0072880252
0072880716
0072880937
0072881208
0072881461
0072882433
0072882611
0072885076
0072887184
0072887605
0072893249
0072897821
0072900083
0072907746
0072909382
0072909412
0072909617
0072921641
0072922427
0072922559
0072930667
007293414X
0072935170
0072936258
0072936533
0072937297
0072938234
0072939176
0072942495
0072943386
0072949317
007295132X
0072956445
0072956461
007295695X
0072957549
0072958863
0072963387
0072965207
0072965495
0072965673
0072966556
0072967358
0072969431
0072969741
0072971231
0072972904
0072973102
0072973285
0072976071
0072977434
0072977450
0072978635
0072978902
0072980737
0072981091
0072981210
0072982365
0072986220
0072987367
0072987766
0072987812
0072988487
0072990511
0072990597
0072992875
0072994819
007299522X
0072995505
0072996536
0072996692
0072999861
0073011533
0073019674
0073022667
0073025828
0073028193
0073028207
0073028274
0073028738
0073028959
0073030228
0073030856
007303181X
0073032891
0073040150
0073040509
0073040517
0073040819
0073045268
0073045306
0073046078
0073046213
0073046809
0073047325
0073048259
0073048615
0073050199
0073050911
0073051500
0073052671
0073054615
0073101699
0073102768
0073103497
0073103675
0073104442
007310597X
0073106712
007310938X
007310941X
0073109428
0073111627
0073123765
0073124265
0073124451
0073124478
0073124818
0073125458
0073125474
0073126632
0073127647
0073128112
0073129097
0073129119
0073129240
0073131261
0073131776
007313290X
0073133485
0073133728
0073134287
0073135542
007313564X
0073136387
0073136395
0073136409
007313841X
0073190764
0073191396
0073191582
0073193534
0073194190
0073196606
0073204811
0073205346
0073205753
0073205761
0073208280
0073209473
0073211427
0073212199
0073212784
0073218812
0073221031
0073221546
007322278X
0073224812
0073227366
0073227382
0073227390
0073228044
0073228052
0073228656
0073228672
0073228907
0073229725
0073229733
0073250740
0073253308
0073254835
0073254991
0073256447
0073256498
0073256722
0073258393
0073259365
0073265454
0073271101
0073271322
0073271373
0073273082
0073273090
0073273120
0073280496
0073287113
0073287121
0073290734
0073293687
007330171X
0073307017
0073309338
0073309346
0073309443
0073309591
0073309761
0073309788
0073311839
0073311855
0073312932
007331305X
0073314218
0073316091
0073316512
0073316709
007331708X
0073317098
0073325589
0073325643
0073325651
0073326178
0073327131
0073327492
0073330167
0073330620
0073330647
0073331600
0073337412
0073341525
0073342521
007334298X
0073342998
0073347272
0073349259
007334933X
0073357332
0073361925
0073365041
0073365491
0073365947
0073365955
007336777X
0073368318
0073369330
0073370169
0073370207
0073370215
007337069X
0073371602
0073371645
0073371688
0073373664
0073373702
007337430X
0073374377
0073374504
0073374555
007337458X
0073374601
0073374695
0073374717
0073374725
007337489X
0073375128
0073375160
0073375195
0073375209
0073375292
0073375314
0073375497
0073375632
0073375640
0073375667
0073375691
007337573X
0073375780
0073375802
0073375810
0073375829
0073375888
0073375969
0073376310
0073376388
007337640X
0073376450
0073376477
0073376531
0073376558
0073376639
0073376671
0073376752
0073376817
0073376825
0073376841
007337699X
0073377023
007337704X
0073377538
0073377635
0073377643
0073377651
007337766X
0073377686
0073377775
0073378070
0073378100
0073378151
0073378194
0073378232
0073378259
0073378488
0073378496
007337850X
0073378542
0073378550
0073378569
0073378585
0073378623
007337864X
0073378755
0073378763
0073378879
0073378909
0073378968
0073378992
0073379174
0073379549
0073379611
0073379980
0073380008
0073380059
0073380083
0073380121
0073380180
0073380288
0073380768
0073380792
007338089X
0073380903
007338092X
0073380989
0073381004
0073381012
0073381047
0073381055
007338108X
0073381098
0073381195
0073381209
0073381241
0073381306
0073381349
0073381411
007338142X
0073381462
0073381470
0073381500
0073381551
0073381578
0073382167
0073382248
0073382310
0073382329
0073382337
0073382345
0073382469
0073382612
0073382620
0073382701
0073382728
0073382787
0073383244
0073383252
0073383783
0073383821
007338383X
007338397X
0073383988
0073383996
0073384011
007338402X
0073384089
0073384119
0073384275
0073384348
0073384372
0073384380
0073384895
0073385026
0073385050
0073385077
0073385158
0073385166
0073385174
0073385212
0073385239
0073385301
0073385328
0073385417
007338545X
0073385468
0073385492
0073385565
007338562X
0073385638
0073385654
0073385662
0073385689
0073385697
0073385832
0073386103
0073386154
0073386170
007338643X
0073386448
007338657X
0073386677
0073386685
0073386693
0073386715
0073397075
0073397113
0073397806
0073401242
007340134X
0073401374
0073401420
0073401501
0073401536
0073401544
0073401587
0073401803
007340182X
0073401986
0073401994
007340201X
0073402060
0073402087
0073402125
0073402133
007340215X
007340232X
0073402656
0073402729
0073402788
007340294X
0073403032
007340313X
0073403156
0073403164
0073403318
0073403342
0073403350
0073403385
0073403679
0073403873
0073404047
007340411X
0073404217
007340425X
0073404268
0073404403
0073404438
0073404802
0073404810
0073404837
0073404861
0073405000
0073405051
007340506X
0073405078
0073405132
0073405213
0073405302
0073405310
0073405337
007340537X
0073405469
0073405477
0073405493
0073405515
0073405760
0073405892
0073405930
0073406325
0073406732
0073406767
0073406805
0073406848
0073406953
0073407046
0073407100
0073407151
0073407259
0073407356
0073407402
0073510963
0073511080
0073511161
0073511358
0073511366
0073511390
0073511404
0073511706
0073511757
0073511765
0073511889
0073511935
0073511943
007351196X
0073512168
007351232X
0073513156
0073513164
0073513237
0073513717
007351411X
0073514128
0073514136
0073514152
0073515043
0073515191
0073515361
0073515973
0073516015
0073518174
0073519294
0073519383
0073520837
0073520853
0073520896
007352252X
0073522643
0073522724
0073522872
0073523607
0073523666
0073523674
0073523739
0073523798
007352381X
0073523828
0073523968
0073523976
0073524085
0073524123
0073524239
0073524360
0073524581
007352459X
0073524611
0073524972
0073525154
0073525227
0073525251
007352526X
0073525286
007352543X
0073525464
0073525502
0073525626
0073526142
0073526185
0073526312
0073526339
0073526460
0073526487
0073526878
0073526886
0073526924
0073526940
0073526991
0073527068
0073527114
0073527661
0073527955
0073528056
0073528072
0073528080
0073528129
0073528137
0073528161
0073528196
0073528250
0073528269
0073528285
0073528307
0073529214
0073529281
0073529613
0073529648
0073529745
0073529885
0073529931
007352994X
0073529958
0073530026
0073530263
0073530271
0073530298
0073530328
0073530336
0073530344
0073530417
0073530468
007353062X
0073530638
0073530654
0073530697
0073530700
0073530980
0073531898
0073532002
0073532010
0073532029
0073532045
007353207X
0073532096
0073532126
0073532371
0073533157
0073533254
0073534234
0073534277
0073534307
0073534390
0073534404
0073534420
0073534536
0073534552
0073534978
0073535079
0073535265
0073535338
0073535443
007353563X
0073535648
0073535702
0073535745
0073535753
0073535826
0073535877
0073540994
0073655155
0073656011
0073661368
0073661759
0075536064
007554041X
0075547996
0075548712
0075690144
0075690152
0075691213
0075691426
0075692473
0075692481
0075701979
0075844419
0076000370
0076026949
0076045552
0076045838
0076045846
0076096440
0076185699
0076213862
0076213927
0076225054
0076594386
0076602990
0076604233
0077044355
0077044371
0077192230
0077211332
0077212711
0077213998
0077216067
007722129X
007722132X
0077221346
0077221354
0077221400
0077224825
0077224876
0077225953
0077226178
0077226356
0077229967
0077236181
0077238540
0077246128
007724740X
0077250419
0077260538
0077260562
0077262034
0077263138
0077263197
0077266862
0077270401
0077270487
0077274318
0077274326
0077274334
0077275551
0077276183
0077280083
0077280105
0077280113
0077283775
0077286340
0077286359
0077286367
0077286383
0077290658
0077291166
0077292685
0077294106
0077297431
0077305612
0077306295
0077309421
0077309537
0077312430
0077314069
0077316770
0077318501
0077318838
0077319362
0077319370
0077319400
0077325176
0077331192
0077331214
0077331249
0077331346
0077333519
007733762X
0077337719
0077337727
0077337735
0077337921
0077338278
0077338480
0077338499
0077338871
0077342801
0077343794
0077344685
0077344936
0077345096
0077346106
0077346262
0077348621
0077349687
0077349695
0077349938
0077349962
0077349997
0077350014
0077350022
0077351142
0077353072
0077354230
0077354745
0077354818
0077356578
0077356659
0077359429
0077361342
0077361350
0077361385
0077361393
0077367464
007736760X
0077367944
0077368037
0077368320
0077377141
0077379500
0077379802
0077394542
0077394844
0077395816
0077398254
0077399986
0077404327
0077407326
0077408020
0077408063
0077409930
0077416538
0077420772
0077421302
0077426444
0077426924
0077428366
0077429648
0077439562
0077443527
007745684X
0077460383
0077460391
0077477553
0077477995
0077486277
0077501802
0077505174
0077525884
0077563891
0077589149
0077601378
0077654609
0077791533
0077801903
0077824636
0078021758
0078022533
0078023122
0078024021
0078024331
007802434X
0078025095
007802529X
007802532X
0078025338
0078025362
0078025397
0078025419
007802546X
0078025605
0078026660
0078028795
0078028833
007802885X
0078028884
0078028892
0078029244
0078029252
0078029287
0078029317
0078029333
0078029341
0078029473
0078029538
0078034647
0078034663
0078034698
0078034779
0078034892
0078034906
0078035139
0078035155
0078035163
0078035201
007803521X
0078035236
0078036275
0078038200
0078038235
0078038332
0078049962
0078050014
007805009X
0078050219
0078050332
0078050383
0078050413
0078050499
0078050707
0078051096
0078051290
0078095786
0078097851
0078110823
0078110858
0078110874
0078110912
0078110920
0078110955
0078111048
0078111471
0078111498
0078111536
0078111544
0078111552
0078111676
0078112060
0078112559
0078112575
0078112621
0078112656
0078112699
0078112702
0078112710
0078112729
0078116953
0078116988
0078116996
007811716X
0078127513
0078136105
0078136644
0078136725
007813711X
0078137152
0078137160
0078137217
0078137225
0078137233
0078137241
0078139473
0078139503
0078203058
0078203384
0078212561
007821257X
0078213479
0078213673
0078216737
0078226090
007822652X
0078227453
0078227798
0078228735
0078228808
0078228875
0078228948
0078229278
0078236843
0078237181
0078238641
007823896X
0078239672
0078239877
0078239931
0078241332
007824482X
0078245362
0078247160
0078251052
0078251087
0078251095
0078251125
0078251141
0078251559
0078252008
0078256828
0078259258
0078259770
0078259835
0078263263
007826474X
0078266092
0078271509
0078273773
007827382X
0078273994
0078275415
0078277590
0078279992
007828175X
0078281768
0078282403
0078285577
0078285623
0078285658
0078285682
0078285712
0078288606
0078290066
0078292263
0078294126
0078296331
0078296358
0078296374
0078297567
0078298180
0078298520
0078298555
0078299004
0078305098
0078305993
0078451272
007845476X
0078454816
0078454824
0078456053
0078458137
0078460506
0078460530
0078462924
0078465702
0078600170
0078600197
0078600200
0078600510
0078600529
0078600537
0078601614
0078602327
0078603684
0078606578
0078606934
0078606969
0078606993
0078607027
0078607051
0078607124
0078607191
0078608619
0078609704
0078609771
0078609801
0078610958
007861211X
0078612136
0078612578
0078614015
0078614872
0078616166
0078616255
0078616271
0078617022
0078617049
0078617464
0078617529
0078617553
0078617588
0078617987
0078618770
007861970X
0078619904
0078651085
0078651131
0078652634
0078652812
0078653991
0078656095
007865632X
0078656605
0078656621
0078656818
0078664187
0078664233
0078664276
0078665736
0078677734
0078678552
0078681707
0078685451
0078688299
0078689686
0078692512
007869387X
0078695007
0078697603
007869762X
0078726549
0078729092
0078729130
0078735572
0078736897
0078738180
007873830X
0078740428
0078740460
0078740509
0078741122
0078742471
0078742498
0078742536
0078743591
0078743893
0078745195
0078745217
007874525X
0078745748
0078746361
007874637X
0078747627
0078747643
007874766X
0078750474
0078750504
0078758769
0078767806
0078774004
0078777836
0078777844
0078778107
0078778328
0078779782
0078786789
0078791405
0078791448
0078791480
0078799147
0078799821
007879983X
0078799848
0078802482
0078806623
0078807239
0078824451
0078883660
0078883695
0078884802
0078884829
0078885159
0078887666
007888778X
0078916917
0078952654
007895312X
0078964059
0079132928
0079136788
0091922348
0120445646
0120887762
0121765598
0123497035
0123693802
0123694868
0123704839
0123704901
0123705487
0123740371
0123747163
0123747503
0123749700
012375030X
012384939X
0123852080
0124051618
0124383807
0125184050
0125762607
012625155X
0126736502
0127466428
0130081833
0130084611
013009661X
0130097276
0130100749
0130103101
0130107344
0130108553
0130119938
0130122300
013012267X
013013631X
0130136336
0130138274
0130143324
0130149373
0130163953
0130165689
0130166316
0130170062
0130177628
0130182656
0130183806
0130195766
0130201421
0130205516
013020689X
0130212806
0130215198
0130219452
0130220558
0130223298
0130225487
0130233048
0130233137
0130236136
0130236330
0130236381
0130236748
0130238252
0130238406
0130238732
0130240443
0130254398
0130257133
013026881X
0130281271
0130282553
0130282715
013028341X
0130286834
0130293059
0130304182
0130304654
0130305219
0130314803
0130315656
0130320145
0130322601
0130327417
0130327581
0130328405
0130329061
0130329819
0130336785
013033832X
0130338389
0130341282
0130352136
013035239X
0130352993
0130354821
0130359513
013036701X
0130368644
0130375519
0130395846
0130405957
0130406546
0130408131
0130412147
013041316X
0130416398
0130421553
0130422541
0130423335
0130433454
0130434175
0130438359
0130440000
0130443468
0130447404
0130450642
0130452874
0130454516
0130460192
0130466166
0130471100
0130475475
013048170X
0130482366
0130484008
0130485195
0130485845
0130488402
0130488852
0130493716
0130494097
0130496413
013050016X
0130501832
0130501859
0130502189
0130502804
0130502871
0130502898
013050730X
0130508365
0130519669
0130519685
0130522341
013052316X
0130528498
0130529559
0130536253
0130540641
0130541117
0130542547
0130542571
0130542598
0130543845
0130547875
0130547883
0130547921
013054793X
0130548057
0130548073
0130548081
0130550728
0130584142
0130584150
0130584169
0130584177
0130588512
0130606898
0130611425
0130611433
0130612243
0130615676
0130615919
0130616559
0130618853
0130619647
0130620904
0130625604
013062568X
0130625922
0130626449
0130628670
0130630853
0130631310
0130631361
0130631639
013063459X
0130652431
0130656011
0130659142
0130659150
0130662453
0130662577
0130669482
0130672769
0130675466
0130676349
0130682055
0130686085
0130693863
0130699004
0130811327
0130811378
0130821810
0130838152
0130842346
0130844926
0130845345
0130850357
0130856495
0130858498
0130867691
0130873667
013087549X
0130892793
0130908193
0130910732
0130911224
0130914533
0130914657
0130915831
0130920258
0130920711
0130922064
0130923877
0130927015
0130930288
0130932159
0130936561
0130936995
0130938939
0130940097
0130940631
0130941158
0130941336
0130941530
0130942006
0130945005
0130946419
0130950696
0130953938
0130964468
0130976059
0130978736
0130978795
0130979554
0130981095
0130982415
0130982555
0130982563
0130984116
0130986925
013099071X
0130990892
0130991325
0130994227
0130994359
0130995142
0130995274
0131000659
0131001914
0131011014
0131014161
0131015672
0131016873
0131019694
0131021532
0131038052
0131059904
0131091786
0131091875
0131101234
0131101633
0131109022
0131109650
0131111205
0131111388
0131111590
0131112910
0131116118
0131116746
0131118528
0131119818
0131120972
013112112X
0131121294
0131123742
0131124889
0131126202
0131126717
0131128078
0131136275
0131137697
0131137859
0131137921
0131140752
0131145320
0131146807
0131148656
0131149628
013115088X
013115091X
0131150952
0131150995
0131152629
013115415X
0131154168
0131163558
0131164643
0131164651
0131174290
0131178121
0131178180
0131180118
0131181327
0131184822
0131185721
0131186426
0131188720
0131190423
0131192523
0131194437
0131195026
0131195999
0131197568
0131245104
0131281747
0131299735
0131299778
013130769X
0131316079
0131317148
0131317164
0131317172
0131317199
0131317202
0131317377
0131317741
0131335081
0131335103
0131335308
0131335774
013133770X
0131339907
0131339923
0131339958
0131339966
0131339974
0131339982
0131340913
0131340921
0131340948
0131344420
0131345052
0131346814
0131346865
0131347233
0131347446
0131347624
0131347632
0131354809
013135566X
0131356941
0131357808
0131359339
0131359584
0131360205
0131367404
0131367617
013136961X
0131376098
0131376179
0131377345
0131384082
013138645X
0131389017
0131394126
0131394258
0131394657
0131400231
0131400584
0131402358
0131402838
0131403435
0131404679
0131408836
0131411160
0131412698
013141450X
0131420941
0131421085
0131421131
0131424106
0131424661
0131424920
0131427067
0131430734
0131430920
0131432435
0131436260
0131439138
0131439944
0131443291
0131443860
0131444441
0131445960
0131446797
013144851X
013145031X
0131452584
0131457578
0131464841
0131464914
0131465600
0131466488
0131470256
0131474642
0131475916
0131478710
0131479415
0131481010
0131481894
0131483161
0131489062
0131489070
0131490575
0131492667
0131493302
0131494597
013149502X
0131495372
0131497499
0131497510
0131498630
0131499971
0131500341
0131500864
0131501054
0131504878
0131505076
0131523597
0131546422
0131547275
0131563661
0131566105
0131566849
0131568558
0131576070
0131576429
0131577298
013157860X
0131584162
0131585916
0131589628
0131589989
0131590146
0131590332
0131591215
0131591819
0131591991
013159267X
0131593188
0131595024
0131599577
0131657100
0131657143
0131657186
0131657240
0131660942
0131660977
0131660985
0131662554
0131663011
0131663054
0131663089
0131664123
0131679953
0131682350
0131700510
0131702106
0131703773
0131704257
0131708082
0131708147
0131709828
0131711490
0131711636
0131714910
0131716018
0131719491
0131719777
0131728644
0131729675
0131730363
0131730428
0131731440
0131732781
0131732900
0131732978
0131733311
0131734903
0131735365
013173542X
013173587X
0131738607
0131739859
0131742523
0131743201
0131745441
0131746170
013174920X
0131750631
0131751522
0131752014
0131752049
0131755617
0131755625
0131773453
0131776827
0131779192
0131786091
0131804308
0131804332
0131804340
0131804359
0131804375
0131815202
0131815423
0131816403
0131816497
0131816535
0131816586
0131816764
0131816853
0131817078
0131817159
0131817612
0131817647
0131817655
0131818902
013182483X
0131825143
0131825496
0131826263
0131826603
0131827693
0131828568
0131829866
0131830635
0131831240
0131832360
0131835467
0131838253
013183875X
0131841564
0131841785
0131846612
0131849344
0131856626
0131858742
0131861379
0131865129
0131866680
0131868365
0131869604
0131870270
0131870475
0131872346
013187294X
0131873369
0131873636
013187439X
0131875337
0131876228
0131881434
0131886436
0131887858
0131887904
0131888595
0131890255
0131890956
0131891022
013189109X
0131891871
0131891952
0131896091
0131898345
0131901168
0131903624
0131905678
0131912755
0131913360
0131916076
0131916548
0131917617
0131920154
0131920189
013192026X
0131921568
0131922912
0131927140
0131928686
0131930079
0131930427
0131930435
0131932810
0131933140
0131933957
0131934686
0131934805
0131934813
0131936433
0131937065
0131937197
0131937928
0131943294
0131944606
0131950843
0131951297
0131955446
0131955462
0131955713
013195766X
013195993X
0131959972
0131961411
0131962949
0131963139
0131963163
0131984934
0131985388
0131986058
0131986473
0131987518
0131988476
0131989227
013199140X
0131991647
0131992384
0131993844
0131994859
013199557X
0131996231
0132009641
013200996X
0132009978
013201145X
0132011484
0132011492
0132011506
0132011514
0132011522
0132011581
0132012529
0132013495
0132014149
0132017741
0132031213
0132034417
013203445X
0132036622
0132037734
0132041448
0132041472
0132041499
0132041510
0132059681
0132064529
0132069105
0132069512
013207995X
0132080230
013208094X
0132088983
0132091534
0132103257
0132109867
0132113880
0132122707
0132128403
013212842X
013212856X
0132128810
013213280X
0132132869
0132133873
0132139650
0132145391
0132146355
0132146657
0132147718
0132148021
0132148390
013215322X
0132153351
0132157462
0132159864
0132163640
0132163845
0132165457
0132167123
0132167395
0132176408
0132191407
0132191415
0132192721
0132197383
013219788X
0132209918
0132213060
0132215004
0132216272
0132216558
0132221861
013222447X
013222531X
0132225956
0132231468
0132238446
0132239019
0132240017
0132240114
0132240459
0132240777
0132240785
0132240858
0132243555
0132244594
0132248840
0132249774
0132251507
0132252473
0132253771
0132254379
0132254387
0132254786
0132255707
0132256495
0132270285
0132273241
0132273586
0132275848
013227650X
0132276518
013227731X
0132277530
0132281414
0132284901
013228541X
0132286386
0132286521
0132286718
0132296683
0132299208
0132300974
0132302659
0132308584
0132315432
0132318326
0132318539
0132319136
0132319519
0132320282
0132321483
0132324601
0132327937
0132328186
013232914X
0132336537
0132337169
0132337223
0132337614
0132339226
0132340690
0132342715
0132343053
0132343606
013235005X
013235716X
0132359235
0132359782
0132366002
0132367211
013237272X
0132375346
0132375753
013237949X
0132381516
0132383101
0132383578
0132386518
013238826X
0132390027
013239149X
0132400855
0132401355
0132402866
0132409224
0132409267
0132409666
0132412357
0132412551
0132413922
0132414449
013241547X
0132420996
013242231X
0132424266
0132424312
0132431564
0132434091
0132435659
0132435780
0132436906
0132437104
0132437120
0132447371
0132447479
0132448351
0132454467
0132457776
0132458632
0132462958
0132477963
0132487500
0132499762
0132508826
0132509253
0132512106
0132516594
0132532468
0132538962
0132539551
0132539713
0132540649
0132541718
0132542617
013254380X
0132543869
0132544946
0132545187
0132545306
0132545462
0132551535
0132551799
0132552728
0132553007
0132554410
0132554615
0132555905
013255593X
0132557789
013255867X
0132559226
0132563568
0132563584
0132567466
0132575663
0132575906
0132575957
0132576279
0132608944
0132613735
013261927X
0132620537
0132622262
0132622882
0132624664
0132625105
0132626152
0132626160
0132627515
0132655063
0132658208
0132662256
0132662973
0132664151
0132664232
0132664372
0132667878
0132668211
0132668661
0132671034
0132677717
0132678101
013267811X
0132678659
0132685752
0132685760
0132685833
0132690128
0132690136
0132693240
0132702320
0132705869
0132706695
013270899X
0132719045
0132720825
0132729822
0132730359
0132741377
0132744031
0132751127
0132751755
0132760592
013276671X
0132770245
0132770342
013277206X
0132772892
0132774925
0132775425
0132784025
0132784084
0132786001
0132807262
0132814420
0132814951
0132816105
013282177X
0132824892
0132828812
0132830884
0132831007
0132832119
0132832208
0132832305
0132834871
0132835630
0132838249
0132838737
0132840162
0132840324
0132843471
0132844125
0132849380
0132851024
0132852152
0132855534
013285712X
0132865661
0132866358
0132868598
0132873605
0132874407
0132883678
0132890542
0132891379
0132904780
0132911957
0132911981
0132915545
0132948869
013295012X
0132957752
0132966891
0132967480
0132971216
013297570X
0132991268
0132992280
0132992345
0132994879
0133021823
013302444X
0133028593
0133028607
0133029670
0133045994
0133046435
0133050696
0133056228
0133057151
0133061817
013310415X
0133108767
0133109909
0133110680
0133110702
0133117561
0133128911
0133141020
0133142663
0133142671
013314268X
0133193284
0133237753
0133255433
0133255573
0133266044
0133349330
0133349780
0133350681
0133388077
0133402665
0133412121
013341213X
0133412180
0133414507
0133450279
0133451283
0133512118
0133545172
0133563979
013361123X
0133616940
0133627551
0133628167
0133647498
0133651002
0133651010
0133651029
0133651053
0133651088
013365110X
0133651916
0133656314
0133659461
013365947X
0133659488
0133666549
0133669513
0133688399
0133708756
0133721035
0133721159
0133721167
013373630X
0133745627
0133752747
0133853373
0133856682
0133957241
0134125525
0134155637
0134167856
0134340566
0134343263
0134344804
0134344871
0134344898
0134345630
0134349075
0134351002
0134352939
0134352955
0134358406
0134358996
0134362659
0134369629
0134373294
0134373316
0134545478
0134569555
0134599918
0134614275
0134638948
0134744128
013479303X
0134819128
0134894286
0134968107
0134979834
0135000513
0135001536
0135003652
0135007526
0135007593
0135008050
013500814X
0135008204
0135008360
0135008832
0135014638
013501882X
0135019672
0135024331
0135024692
013502529X
0135025850
0135026253
0135028094
0135028108
0135028922
0135029805
0135031842
0135033675
0135034396
0135035899
0135038103
0135041376
0135041597
0135042615
0135042623
0135043883
0135043948
0135045207
0135047404
0135050502
0135050871
0135052610
0135053013
0135055784
0135059232
0135060575
0135060710
013506077X
0135061075
0135063892
0135063906
0135063922
013506399X
0135064767
0135071518
0135071577
0135074096
0135075076
0135075629
0135077591
0135080908
013508122X
0135088658
0135089034
0135089816
0135090903
0135091497
0135097215
0135098254
0135098599
0135100151
0135101824
0135109434
0135109493
0135109787
0135119154
0135120896
0135124581
0135125278
0135125723
0135127122
0135128447
0135128463
0135129664
0135130301
013513031X
0135130409
0135130638
0135131995
0135132150
0135134242
0135134943
0135135273
0135135419
0135136334
0135136369
0135137012
0135137047
013513806X
013514132X
0135142636
0135142784
0135144361
0135145708
0135147743
0135149886
0135154375
0135154685
0135156645
0135157331
0135157617
0135158494
0135216427
0135285712
0135317088
0135334802
013576372X
0135845572
0135944589
0136000886
0136000975
0136001599
0136002641
0136003257
0136003826
0136003915
0136004911
013600492X
0136005217
0136005543
0136006523
0136006639
0136007104
0136007295
0136007333
0136007627
0136008488
013600864X
0136009239
0136009263
0136009298
0136009956
0136009980
0136010164
0136010571
0136010687
0136011756
0136012671
0136013082
0136015182
0136015786
0136015964
013601609X
0136016103
0136016456
0136017223
013601738X
0136017614
0136017754
0136019706
0136020070
0136020879
0136021131
0136021379
013602176X
0136021824
0136021972
0136022308
013602579X
0136026605
0136026893
0136027040
0136028608
0136028616
0136028950
0136029086
0136029841
0136031374
0136031870
0136035485
013603912X
0136039855
0136040047
0136045316
0136050549
013605322X
0136054218
0136054536
0136054544
0136055486
0136056067
0136057721
0136059090
0136059171
0136060862
0136061273
0136061672
013606177X
0136062229
0136062806
013606566X
0136065767
0136065805
0136070760
0136073026
0136073476
0136073735
013607474X
0136076165
0136077285
0136077617
0136078281
013607829X
0136079415
0136079423
0136080308
0136081231
0136083536
0136083765
0136084737
0136085369
0136085547
0136086349
0136086365
0136086373
0136087310
013608821X
0136089437
0136089836
013608995X
0136090192
0136093523
0136093574
0136094058
0136097081
0136097391
0136098673
013610066X
0136101410
0136102433
0136103529
0136103766
0136109594
0136109748
0136109829
0136110991
0136111858
0136113400
0136113656
0136114466
0136114520
0136114997
0136117007
013611704X
0136118283
0136119417
0136119468
0136120911
013612092X
0136120989
0136121012
0136122507
0136123139
0136124011
0136127371
0136128246
0136128750
013612934X
0136130585
0136133061
0136133185
0136133681
0136136915
0136138993
0136139035
0136139396
0136140599
0136141056
0136141919
0136142370
0136142761
013615218X
0136152503
0136152708
0136154166
0136154409
0136155545
0136212697
0136279449
0136331246
0136335381
0136382053
0136413323
0136568769
0136574386
0136582133
0136725104
0136917003
0136985807
0136986145
0137002270
0137003145
0137007515
0137009267
0137012322
0137012527
0137013434
0137017464
0137019238
013702875X
0137030746
0137032579
0137033273
0137033877
013703511X
0137035195
0137039727
0137039743
0137042612
0137045654
0137050178
013705159X
0137056362
0137057148
0137058225
0137066996
0137069839
0137072074
0137072511
0137073607
0137074298
0137074859
0137093942
0137129653
0137133839
0137136692
013714427X
0137144547
0137145535
0137145829
0137146663
0137147295
0137151632
0137151799
0137151934
0137152426
0137152523
0137152841
013715304X
0137157266
0137548966
013758590X
0137711220
0137722869
0137879121
0137926154
0138007837
0138007969
0138013888
0138018812
0138024618
0138024669
013812745X
0138132429
0138140820
0138142254
0138142262
0138143897
0138144583
0138146241
0138147574
0138334846
0138338078 
0138338078
0138382441
0138382514
0138386730
0138422389
0138524440
0138978026
0139012168
0139035923
0139124608
0139186735
0139227253
0139372024
0139436146
0139462775
0139482903
0139498761
0139554289
013958661X
0139603786
0139638857
0139798099
014002865X
0140048979
0140053204
0140059547
0140064591
0140068147
0140086420
0140087443
0140087680
0140094385
0140096531
0140102310
014010870X
0140127739
0140128107
0140131272
0140132708
0140135375
0140137572
0140146563
0140150315
014015065X
0140150706
0140157344
0140157352
0140159703
0140168540
0140174397
0140176195
0140176659
014017737X
0140177396
0140185216
0140186409
0140192123
0140193502
0140194401
014019441X
0140194614
0140195491
0140196080
0140196099
0140208917
0140233237
0140235655
0140238026
0140245642
0140247750
014025157X
014025448X
0140257934
0140259090
014025997X
0140260234
0140260897
014026468X
0140268316
0140268863
0140275363
014027801X
0140280197
0140280634
0140283331
0140288503
014028852X
0140291768
014029628X
0140296476
0140298487
0140366733
0140375813
0140382615
014038572X
0140390464
0140424385
014043061X
0140430679
0140431519
0140435883
0140436065
0140436766
0140439048
0140440151
0140440313
0140440410
014044047X
0140440526
0140441034
0140441433
0140442138
0140442162
0140442200
0140442839
0140442847
0140442863
0140443339
0140443487
0140443630
0140443940
0140444254
0140444300
0140444394
0140445560
014044582X
0140445927
014044601X
0140448144
0140449019
0140449140
0140449213
0140464778
0140481346
0140481389
0140481877
0140507930
0140513892
0140514201
014055758X
0140559655
0140566686
0140589201
014070731X
0140714804
0141001682
0141002204
0141030429
0141180099
0141180412
0141181222
0141185465
0141196890
014131088X
0141439548
0142000159
0142000280
0142000655
014200068X
0142000957
0142001740
014200202X
0142002046
0142002100
0142002429
0142003255
0142003816
0142004235
0142302384
0142403881
0142406139
0142406864
0142407321
0142412511
0142421391
0142437174
0142437301
0143034375
0143034510
0143034642
0143034804
0143035304
014303541X
0143035738
0143035843
0143036165
0143036327
0143036408
0143036491
014303653X
0143036580
0143037072
0143037110
0143037382
0143038095
0143038109
0143038567
0143038583
0143038788
0143039423
0143039431
0143039989
0143058134
0143104942
0143105884
0143112511
0143113801
0143114697
014311493X
0143116800
0143116959
0143119281
0143119680
0143119761
0143121073
0143121634
0143122916
0143122940
0143124404
0143124870
0143125753
0143125842
0143143395
0151001820
0151002665
0151008116
0151010269
0151012741
0151013047
0151152780
015121185X
0151262276
0151334811
0151544964
0151879834
0151936366
0152000283
0152002480
0152005188
0152006850
0152010289
0152014160
0152019901
0152020136
0152026320
0152046267
0152054952
0152056122
0152163956
0152164154
0152247505
0152438173
0152465030
0152563474
0152576479
0152770909
0152928510
015300424X
0153056754
0153097876
0153097884
0153112069
0153112085
0153118032
0153118806
0153118822
0153118857
015312041X
0153120991
0153121025
0153131772
0153152133
0153155116
0153174978
0153178337
0153178345
0153178361
0153183764
0153201800
0153207493
0153209429
0153229195
0153229209
0153229217
0153229225
0153229233
0153235101
0153253428
0153347430
0153348542
0153350954
0153364823
0153366931
0153375256
0153396172
015339661X
0153397888
0153400633
0153414669
0153431717
0153431733
0153431768
0153472960
0153521740
0153545364
0153567333
0153745436
0153858842
0153894652
015500154X
0155003208
0155006681
0155011413
0155016458
0155051172
0155053019
0155053272
0155055127
015505905X
0155059823
015506097X
0155061542
0155062182
0155063170
0155068474
015506956X
0155073885
0155074946
0155076841
0155078488
0155080466
015508089X
0155081144
015508481X
0155085328
0155209841
0155356976
0155510053
015576652X
0156001209
0156001217
0156001268
0156005743
0156007088
0156008297
0156011166
0156027321
0156028166
0156030209
0156030233
0156030411
015605650X
0156106981
0156260255
0156445085
0156472007
0156528207
0156586509
0156711427
015676248X
015679201X
0156838389
015688254X
0156957051
0157175405
0159007550
015901669X
0159020530
0192115790
0192116754
0192141856
0192629506
0192801635
0192802291
0192803832
0192805789
0192806688
0192812173
0192830090
0192833723
0192833952
0192833995
0192835696
0192836781
0192842714
0192853775
0192853791
0192860925
0192880713
0192891642
0192892789
0194309223
0194323471
0194343383
0194343553
0194343669
0194343766
0194351882
0194355748
0194367738
0194397106
0194397157
0194417166
0194756041
0194756106
0194756122
0194756246
0195000307
0195002660
0195002679
0195003225
0195007247
0195008960
0195009088
0195010078
0195014324
0195015401
0195016165
0195016432
0195019059
0195027868
0195027930
0195028325
0195030958
0195032721
0195033108
0195035135
0195036786
019503712X
0195037812
0195038630
0195041720
0195042425
0195043456
019504357X
019504391X
0195044835
019504522X
0195046455
0195051815
0195053052
0195053982
019505542X
0195058100
0195060253
0195062760
0195064844
0195064917
0195066111
0195067045
0195069978
0195072707
0195078519
0195078985
0195078993
0195080297
0195082095
0195084020
019508425X
0195085612
0195088956
0195090454
0195091736
019509252X
0195093844
0195093879
0195094360
0195094468
0195100719
0195101960
0195103599
0195105257
0195106652
019510854X
0195114302
019511504X
0195115155
0195115651
0195118766
0195119991
019512040X
0195120639
0195121716
0195123778
0195124413
0195124987
0195127633
0195128478
0195128907
0195129849
0195130332
0195133323
0195133978
019513558X
0195136047
0195136217
0195139119
0195140109
0195141229
0195141725
0195142748
0195142780
0195146514
0195146905
0195147944
0195148819
0195148932
0195150112
0195153340
0195153863
0195155025
0195155637
019515598X
0195156242
0195156307
0195156870
0195156927
0195157117
0195158547
0195160223
0195161076
019516251X
0195163494
0195165519
0195165527
0195167333
0195168070
0195168860
0195169247
019517013X
019517075X
0195171004
0195171438
0195171942
0195172027
0195173538
0195175107
0195182820
0195183576
0195188292
0195188977
0195212037
0195212053
019521207X
0195212096
0195215826
0195218388
019521952X
019521997X
0195220420
0195281365
0195282787
0195282795
0195283554
0195283910
0195284186
019528478X
0195288823
0195289560
0195294084
0195300521
0195304519
019530666X
0195307526
0195307968
0195308123
0195309146
0195314328
0195315375
0195323033
0195323343
0195326954
0195327160
0195327195
0195327209
0195327217
0195327241
0195327756
0195327799
019532952X
019532997X
0195330072
0195330226
0195330447
0195330625
0195330676
0195330692
0195331176
0195332512
0195332725
0195332881
0195332946
0195334086
0195334760
0195335260
0195335414
0195335961
0195336100
0195336305
0195337565
0195367405
0195368355
0195371119
0195374541
0195376706
0195377079
0195377923
0195378911
0195380339
0195380355
0195383338
0195389557
0195390369
0195390636
0195390725
0195390733
0195392116
0195392965
0195396308
0195397614
0195397703
0195518551
0198121369
0198125216
0198140622
0198200730
0198203187
0198204973
0198240856
019824536X
0198246609
0198249926
0198275838
0198320272
0198328664
0198501471
0198517300
0198607695
0198610211
0198610726
0198642148
0198643217
0198643276
0198691157
0198691262
0198742800
0198750765
0199151466
019921493X
019922823X
0199234892
0199250499
0199253005
0199260168
0199261784
0199261792
0199261857
0199267774
0199537151
0199538654
0199540179
0199540314
0199548854
0199552428
0199733716
0199738432
0199747385
0199757534
0199760063
019976025X
0199765839
019976624X
0199773556
0199778124
0199783187
0199797145
0199812993
0199827427
0199890498
0199924686
0199987815
0199991219
0201001799
0201006502
0201021161
020102988X
0201050064
0201067447
0201073927
0201080591
0201082594
0201083574
0201100886
0201112973
0201126931
0201163209
0201168677
0201172852
0201178192
0201180758
0201180952
0201223015
0201282399
0201308797
0201314517
0201324458
020132458X
0201324601
0201326787
0201328321
0201332272
0201339854
0201339897
0201346826
0201351099
0201353679
0201353946
0201357445
0201361221
0201361310
0201363917
020136493X
0201398559
0201407191
0201407280
0201422891
0201436647
0201441241
020144240X
020146652X
020146697X
0201513072
0201514257
0201525100
0201534673
0201539292
0201539632
0201554062
0201555379
0201563177
0201590654
0201600102
0201603225
0201607344
0201619989
0201621347
0201629836
020169011X
0201690179
020169509X
0201699745
0201700867
0201703386
0201709708
0201711125
0201722194
0201737353
0201741598
0201758652
0201771314
0201771373
0201773457
0201774690
0201782634
0201784203
0201793873
0201794896
020179537X
0201834103
0201835959
0201847582
0201869802
0201895528
0202020339
0202304949
0202363341
0205000347
0205000932
0205010571
0205010601
0205011357
0205013317
020501335X
0205017738
020501805X
0205028063
0205029396
020502940X
0205029523
0205031080
0205034942
0205035191
0205037437
0205037526
0205050107
0205050239
0205054692
0205055966
0205057055
0205059333
0205059937
0205060331
0205060617
0205066402
0205078869
0205081363
0205093825
0205096549
0205103731
0205109136
0205109969
0205110134
0205110207
020511038X
0205111165
0205116140
020511671X
020512562X
0205141641
0205142001
0205142125
0205142486
0205147534
0205148468
0205151663
0205152015
020515252X
0205152716
0205156290
0205164579
0205167012
0205171494
020517163X
0205172873
0205172881
020517289X
0205176054
0205183468
0205184596
0205184766
0205186513
0205191584
0205193277
0205193811
0205195873
0205196837
0205198260
0205198341
0205198775
0205202101
0205206549
0205213022
0205213073
020522329X
0205229840
0205234100
0205239390
0205243614
0205245528
0205245935
0205253547
0205256414
0205268145
0205270042
0205274838
0205275885
0205276911
0205282660
0205285473
0205286321
0205287743
0205292569
0205293336
020529586X
0205305970
0205306233
020530754X
020530902X
0205309240
0205313426
0205317197
0205318029
0205319742
0205320104
020532018X
0205321496
0205321836
0205326056
0205326862
0205330746
0205332412
0205334318
0205335233
0205335330
0205335543
0205337465
0205340547
0205342183
0205342752
020534285X
0205343457
0205343848
0205343961
0205344259
0205352197
0205358780
0205358799
0205360181
020537204X
020537462X
0205375200
0205375235
0205376223
0205381308
0205382053
0205386393
0205386415
0205388507
0205389252
0205391427
0205392253
0205404421
0205405592
0205405657
020540751X
0205408168
0205408435
0205410375
0205417973
0205423809
0205423817
020543536X
0205443257
0205443273
0205447392
0205449611
0205453422
020545352X
0205454437
0205456197
0205456219
0205457649
0205458408
0205463673
020546369X
0205467474
020546999X
0205474543
0205474810
0205480500
0205483356
0205483925
0205485588
020548669X
0205486835
0205488781
020548879X
0205490980
020549210X
0205492649
0205493955
0205494951
020549840X
0205504051
0205508286
0205508863
0205510728
0205515320
0205515711
0205516459
0205518699
0205518850
0205518869
0205521061
0205521452
0205521932
0205522599
0205522629
0205523412
0205524753
0205531466
0205532152
020553256X
0205533167
0205533191
0205535550
0205541615
0205542603
0205542964
0205543014
0205547095
0205547885
0205548741
0205556841
0205558305
0205560059
0205562728
0205567088
020556805X
0205568408
0205570232
0205570399
0205570410
0205571743
0205573177
0205573754
0205576400
0205578624
0205578721
0205579361
0205579469
0205579701
0205582397
0205583539
020558456X
0205585965
0205589669
0205591760
0205591779
0205592406
0205593232
0205593240
0205593364
0205593399
020559350X
0205594166
0205594395
0205594956
0205597491
0205598706
0205598749
0205602959
0205605354
0205605427
0205608353
0205608558
0205608566
0205608884
0205608965
0205613691
0205615597
0205615961
0205617751
0205624928
0205625134
0205625487
0205625703
0205625894
020562622X
0205627080
0205627528
0205627560
0205627579
0205628079
0205628486
0205632165
0205632440
0205632645
0205634370
0205637442
0205638325
020563933X
0205639542
0205640184
0205644546
0205648460
020564872X
0205648932
0205649165
0205649246
0205649750
0205651704
0205651712
0205651917
0205652166
0205655025
0205655130
0205655157
0205655262
0205655319
0205656390
0205657001
0205658822
0205658873
0205659586
0205660487
0205660770
0205662870
0205662897
0205664318
0205664520
0205664814
0205665152
0205666272
0205667279
0205668941
0205671543
0205672302
0205672361
0205672930
0205675042
0205677207
020568582X
0205686109
0205687342
0205687407
0205687938
020568808X
0205688098
0205688624
0205688640
0205689531
0205691269
0205692850
020569294X
0205693059
0205693075
0205693237
0205695574
0205695930
0205697062
0205697372
0205698182
0205698301
0205698786
0205698816
0205702716
0205703313
0205705405
0205706800
0205707645
0205707653
0205708250
0205711499
0205717349
0205717616
0205718760
0205721486
0205723454
0205723772
0205723993
0205726623
0205727581
0205727654
0205728448
0205728804
020572888X
0205728928
0205728944
0205728960
0205730728
0205730760
0205731937
020573197X
0205733166
0205734952
0205735614
0205735770
0205737544
0205738451
0205739075
0205739253
0205739873
0205741444
0205741762
0205741789
0205743420
0205743595
0205744079
0205744206
0205744796
0205744885
0205745059
0205745377
0205746926
0205748007
0205748074
0205750117
0205750354
0205751199
0205751989
0205752071
0205753701
0205758460
0205758479
0205760082
0205760368
020576276X
020576309X
0205763669
0205763731
0205763782
0205765319
0205765378
0205768938
0205769063
0205769446
0205769489
0205770630
0205771300
0205776981
020577699X
020577718X
0205777368
0205778380
0205778720
0205778747
0205779360
0205779646
0205780504
020578108X
0205781713
0205781756
0205782310
0205783155
0205784623
0205786065
0205788459
0205790283
0205790364
0205790399
0205790410
0205790615
0205790941
0205790968
0205791468
0205792723
0205793193
020579839X
0205800513
0205802109
020580344X
0205804969
0205805396
0205805914
0205806376
0205806589
0205806732
0205823149
0205823157
0205823246
0205823432
0205824358
0205825850
0205826091
0205828094
0205828434
0205829872
0205830765
0205831915
0205832326
0205832571
0205834302
0205835228
0205838758
020584233X
0205845967
0205850251
0205851649
0205856004
0205856381
0205865615
0205875238
0205883109
0205883117
0205898475
0205898874
0205898912
0205907482
0205907695
0205914128
0205918395
0205926622
0205947158
0205949975
0205953654
0205979572
0205979602
0205986188
0205986218
0226012727
0226039056
0226039595
0226048691
0226065669
0226069524
0226071510
0226096041