0001922475
0002000083
0002154463
0002157292
0002159643
0002173808
0002251337
0002550326
0002551152
0002551519
0002552507
0002553457
0002553708
000255464X
0002558718
000470763X
000470987X
0006536468
0006550452
0006552358
0007127952
0007160003
0007161778
0007228937
0007267444
000730949X
002001015X
0020100809
0020198604
0020199600
0020285604
0020296304
0020298951
0020322208
0020346212
0020360800
0020418604
0020425740
002042700X
0020441827
0020457316
0020518609
0020773102
0020794304
002080590X
0020820852
0020838506
0020868804
0021001286
002104001X
0021040036
0021049645
0021057265
0021090041
0021092680
0021440506
0021464219
0021465614
0021467307
0021473315
0021475423
0021475954
0021476438
0021488215
0021488231
0021488266
0021491348
0021491364
0021491372
0021491380
0021491550
0021491941
0021492646
0021492654
0021492689
0021503168
0021503176
0021503907
0021518157
002152324X
002163520X
002178714X
0021787522
0021807159
0021810052
0021810133
0021843767
0021847363
002184738X
0021847525
0021848432
0021855803
0021856222
0021856338
0021858829
0021858845
0021885699
0021885710
0021885729
0021936013